4, 1, 9
4, 2, 5
4, 3, 6
4, 18, 10
4, 19, 8
4, 20, 4
4, 21, 2
4, 22, 3
4, 23, 5
4, 33, 7
4, 34, 8
4, 35, 9
4, 36, 4
4, 37, 7
4, 38, 2
4, 40, 6
7, 9, 8
7, 10, 6
7, 18, 4
7, 19, 10
7, 20, 5
7, 25, 9
2, 26, 8
2, 26, 9
2, 26, 6
2, 27, 7
2, 27, 6
2, 35, 7
2, 36, 2
2, 36, 6
2, 37, 8
2, 37, 9
1, 1, 8
1, 2, 10
1, 3, 4
1, 3, 7
1, 3, 2
1, 4, 5
1, 4, 8
1, 5, 7
1, 5, 8
1, 6, 8
1, 7, 3
1, 7, 5
1, 8, 5
1, 19, 10
1, 19, 9
1, 25, 9
1, 25, 10
1, 1, 10
1, 2, 8
1, 5, 9
1, 15, 5
1, 16, 6
1, 25, 9
1, 20, 10
1, 17, 10
